-0.27484847894933623 0.2710708125728437
-0.062201269528678924 -0.13442660223290873
-0.062201269528678924 -0.13442660223290875
-0.03842130078981396 0.2937075086157056
-0.062201269528678924 -0.13442660223290875
-0.038421300789813984 0.2937075086157056
-0.038421300789814 0.29370750861570555
-0.0622012695286789 -0.1344266022329087
-0.0622012695286789 -0.1344266022329087
-0.038421300789814 0.29370750861570555
-0.038421300789813984 0.2937075086157056
-0.062201269528678924 -0.13442660223290875
-0.03842130078981396 0.2937075086157056
-0.062201269528678924 -0.13442660223290875
-0.062201269528678924 -0.13442660223290873
-0.27484847894933623 0.2710708125728437
