   0.0000000000000000       -5.3807895828243850E-002  -5.3807895828243878E-002   7.0310168773825232E-002  -5.3807895828243878E-002   7.0310168773825232E-002   7.0310168773825218E-002  -5.3807895828243871E-002  -5.3807895828243871E-002   7.0310168773825218E-002   7.0310168773825232E-002  -5.3807895828243878E-002   7.0310168773825232E-002  -5.3807895828243878E-002  -5.3807895828243850E-002   0.0000000000000000     
   5.3807895828243850E-002   0.0000000000000000        0.0000000000000000        2.3433824824545549E-002   0.0000000000000000        2.3433824824545549E-002   2.3433824824545549E-002   1.7347234759768071E-018   1.7347234759768071E-018   2.3433824824545549E-002   2.3433824824545549E-002   0.0000000000000000        2.3433824824545549E-002   0.0000000000000000        0.0000000000000000        5.3807895828243850E-002
   5.3807895828243878E-002   0.0000000000000000        0.0000000000000000        2.3433824824545556E-002   0.0000000000000000        2.3433824824545559E-002   2.3433824824545556E-002   1.7347234759768071E-018   1.7347234759768071E-018   2.3433824824545556E-002   2.3433824824545559E-002   0.0000000000000000        2.3433824824545556E-002   0.0000000000000000        0.0000000000000000        5.3807895828243878E-002
  -7.0310168773825232E-002  -2.3433824824545549E-002  -2.3433824824545556E-002   0.0000000000000000       -2.3433824824545556E-002  -6.9388939039072284E-018  -1.2143064331837650E-017  -2.3433824824545556E-002  -2.3433824824545556E-002  -1.2143064331837650E-017  -6.9388939039072284E-018  -2.3433824824545556E-002   0.0000000000000000       -2.3433824824545556E-002  -2.3433824824545549E-002  -7.0310168773825232E-002
   5.3807895828243878E-002   0.0000000000000000        0.0000000000000000        2.3433824824545556E-002   0.0000000000000000        2.3433824824545559E-002   2.3433824824545556E-002   1.7347234759768071E-018   1.7347234759768071E-018   2.3433824824545556E-002   2.3433824824545559E-002   0.0000000000000000        2.3433824824545556E-002   0.0000000000000000        0.0000000000000000        5.3807895828243878E-002
  -7.0310168773825232E-002  -2.3433824824545549E-002  -2.3433824824545559E-002   6.9388939039072284E-018  -2.3433824824545559E-002   0.0000000000000000       -6.9388939039072284E-018  -2.3433824824545559E-002  -2.3433824824545559E-002  -6.9388939039072284E-018   0.0000000000000000       -2.3433824824545559E-002   6.9388939039072284E-018  -2.3433824824545559E-002  -2.3433824824545549E-002  -7.0310168773825232E-002
  -7.0310168773825218E-002  -2.3433824824545549E-002  -2.3433824824545556E-002   1.2143064331837650E-017  -2.3433824824545556E-002   6.9388939039072284E-018   0.0000000000000000       -2.3433824824545556E-002  -2.3433824824545556E-002   0.0000000000000000        6.9388939039072284E-018  -2.3433824824545556E-002   1.2143064331837650E-017  -2.3433824824545556E-002  -2.3433824824545549E-002  -7.0310168773825218E-002
   5.3807895828243871E-002  -1.7347234759768071E-018  -1.7347234759768071E-018   2.3433824824545556E-002  -1.7347234759768071E-018   2.3433824824545559E-002   2.3433824824545556E-002   0.0000000000000000        0.0000000000000000        2.3433824824545556E-002   2.3433824824545559E-002  -1.7347234759768071E-018   2.3433824824545556E-002  -1.7347234759768071E-018  -1.7347234759768071E-018   5.3807895828243871E-002
   5.3807895828243871E-002  -1.7347234759768071E-018  -1.7347234759768071E-018   2.3433824824545556E-002  -1.7347234759768071E-018   2.3433824824545559E-002   2.3433824824545556E-002   0.0000000000000000        0.0000000000000000        2.3433824824545556E-002   2.3433824824545559E-002  -1.7347234759768071E-018   2.3433824824545556E-002  -1.7347234759768071E-018  -1.7347234759768071E-018   5.3807895828243871E-002
  -7.0310168773825218E-002  -2.3433824824545549E-002  -2.3433824824545556E-002   1.2143064331837650E-017  -2.3433824824545556E-002   6.9388939039072284E-018   0.0000000000000000       -2.3433824824545556E-002  -2.3433824824545556E-002   0.0000000000000000        6.9388939039072284E-018  -2.3433824824545556E-002   1.2143064331837650E-017  -2.3433824824545556E-002  -2.3433824824545549E-002  -7.0310168773825218E-002
  -7.0310168773825232E-002  -2.3433824824545549E-002  -2.3433824824545559E-002   6.9388939039072284E-018  -2.3433824824545559E-002   0.0000000000000000       -6.9388939039072284E-018  -2.3433824824545559E-002  -2.3433824824545559E-002  -6.9388939039072284E-018   0.0000000000000000       -2.3433824824545559E-002   6.9388939039072284E-018  -2.3433824824545559E-002  -2.3433824824545549E-002  -7.0310168773825232E-002
   5.3807895828243878E-002   0.0000000000000000        0.0000000000000000        2.3433824824545556E-002   0.0000000000000000        2.3433824824545559E-002   2.3433824824545556E-002   1.7347234759768071E-018   1.7347234759768071E-018   2.3433824824545556E-002   2.3433824824545559E-002   0.0000000000000000        2.3433824824545556E-002   0.0000000000000000        0.0000000000000000        5.3807895828243878E-002
  -7.0310168773825232E-002  -2.3433824824545549E-002  -2.3433824824545556E-002   0.0000000000000000       -2.3433824824545556E-002  -6.9388939039072284E-018  -1.2143064331837650E-017  -2.3433824824545556E-002  -2.3433824824545556E-002  -1.2143064331837650E-017  -6.9388939039072284E-018  -2.3433824824545556E-002   0.0000000000000000       -2.3433824824545556E-002  -2.3433824824545549E-002  -7.0310168773825232E-002
   5.3807895828243878E-002   0.0000000000000000        0.0000000000000000        2.3433824824545556E-002   0.0000000000000000        2.3433824824545559E-002   2.3433824824545556E-002   1.7347234759768071E-018   1.7347234759768071E-018   2.3433824824545556E-002   2.3433824824545559E-002   0.0000000000000000        2.3433824824545556E-002   0.0000000000000000        0.0000000000000000        5.3807895828243878E-002
   5.3807895828243850E-002   0.0000000000000000        0.0000000000000000        2.3433824824545549E-002   0.0000000000000000        2.3433824824545549E-002   2.3433824824545549E-002   1.7347234759768071E-018   1.7347234759768071E-018   2.3433824824545549E-002   2.3433824824545549E-002   0.0000000000000000        2.3433824824545549E-002   0.0000000000000000        0.0000000000000000        5.3807895828243850E-002
   0.0000000000000000       -5.3807895828243850E-002  -5.3807895828243878E-002   7.0310168773825232E-002  -5.3807895828243878E-002   7.0310168773825232E-002   7.0310168773825218E-002  -5.3807895828243871E-002  -5.3807895828243871E-002   7.0310168773825218E-002   7.0310168773825232E-002  -5.3807895828243878E-002   7.0310168773825232E-002  -5.3807895828243878E-002  -5.3807895828243850E-002   0.0000000000000000     
