  0.14902107180966551       -1.9343203980005913E-002  -1.9343203980005927E-002   9.0175569100540101E-002  -1.9343203980005927E-002   9.0175569100540115E-002   9.0175569100540101E-002  -1.9343203980005920E-002  -1.9343203980005920E-002   9.0175569100540101E-002   9.0175569100540115E-002  -1.9343203980005927E-002   9.0175569100540101E-002  -1.9343203980005927E-002  -1.9343203980005913E-002  0.14902107180966551     
  -1.9343203980005913E-002   2.1939509318864011E-002   2.1939509318864021E-002  -3.7092248747432395E-002   2.1939509318864021E-002  -3.7092248747432395E-002  -3.7092248747432388E-002   2.1939509318864018E-002   2.1939509318864018E-002  -3.7092248747432388E-002  -3.7092248747432395E-002   2.1939509318864021E-002  -3.7092248747432395E-002   2.1939509318864021E-002   2.1939509318864011E-002  -1.9343203980005913E-002
  -1.9343203980005927E-002   2.1939509318864021E-002   2.1939509318864032E-002  -3.7092248747432416E-002   2.1939509318864032E-002  -3.7092248747432416E-002  -3.7092248747432409E-002   2.1939509318864028E-002   2.1939509318864028E-002  -3.7092248747432409E-002  -3.7092248747432416E-002   2.1939509318864032E-002  -3.7092248747432416E-002   2.1939509318864032E-002   2.1939509318864021E-002  -1.9343203980005927E-002
   9.0175569100540101E-002  -3.7092248747432395E-002  -3.7092248747432416E-002   8.7740296971626136E-002  -3.7092248747432416E-002   8.7740296971626136E-002   8.7740296971626122E-002  -3.7092248747432409E-002  -3.7092248747432409E-002   8.7740296971626122E-002   8.7740296971626136E-002  -3.7092248747432416E-002   8.7740296971626136E-002  -3.7092248747432416E-002  -3.7092248747432395E-002   9.0175569100540101E-002
  -1.9343203980005927E-002   2.1939509318864021E-002   2.1939509318864032E-002  -3.7092248747432416E-002   2.1939509318864032E-002  -3.7092248747432416E-002  -3.7092248747432409E-002   2.1939509318864028E-002   2.1939509318864028E-002  -3.7092248747432409E-002  -3.7092248747432416E-002   2.1939509318864032E-002  -3.7092248747432416E-002   2.1939509318864032E-002   2.1939509318864021E-002  -1.9343203980005927E-002
   9.0175569100540115E-002  -3.7092248747432395E-002  -3.7092248747432416E-002   8.7740296971626136E-002  -3.7092248747432416E-002   8.7740296971626136E-002   8.7740296971626122E-002  -3.7092248747432409E-002  -3.7092248747432409E-002   8.7740296971626122E-002   8.7740296971626136E-002  -3.7092248747432416E-002   8.7740296971626136E-002  -3.7092248747432416E-002  -3.7092248747432395E-002   9.0175569100540115E-002
   9.0175569100540101E-002  -3.7092248747432388E-002  -3.7092248747432409E-002   8.7740296971626122E-002  -3.7092248747432409E-002   8.7740296971626122E-002   8.7740296971626108E-002  -3.7092248747432402E-002  -3.7092248747432402E-002   8.7740296971626108E-002   8.7740296971626122E-002  -3.7092248747432409E-002   8.7740296971626122E-002  -3.7092248747432409E-002  -3.7092248747432388E-002   9.0175569100540101E-002
  -1.9343203980005920E-002   2.1939509318864018E-002   2.1939509318864028E-002  -3.7092248747432409E-002   2.1939509318864028E-002  -3.7092248747432409E-002  -3.7092248747432402E-002   2.1939509318864025E-002   2.1939509318864025E-002  -3.7092248747432402E-002  -3.7092248747432409E-002   2.1939509318864028E-002  -3.7092248747432409E-002   2.1939509318864028E-002   2.1939509318864018E-002  -1.9343203980005920E-002
  -1.9343203980005920E-002   2.1939509318864018E-002   2.1939509318864028E-002  -3.7092248747432409E-002   2.1939509318864028E-002  -3.7092248747432409E-002  -3.7092248747432402E-002   2.1939509318864025E-002   2.1939509318864025E-002  -3.7092248747432402E-002  -3.7092248747432409E-002   2.1939509318864028E-002  -3.7092248747432409E-002   2.1939509318864028E-002   2.1939509318864018E-002  -1.9343203980005920E-002
   9.0175569100540101E-002  -3.7092248747432388E-002  -3.7092248747432409E-002   8.7740296971626122E-002  -3.7092248747432409E-002   8.7740296971626122E-002   8.7740296971626108E-002  -3.7092248747432402E-002  -3.7092248747432402E-002   8.7740296971626108E-002   8.7740296971626122E-002  -3.7092248747432409E-002   8.7740296971626122E-002  -3.7092248747432409E-002  -3.7092248747432388E-002   9.0175569100540101E-002
   9.0175569100540115E-002  -3.7092248747432395E-002  -3.7092248747432416E-002   8.7740296971626136E-002  -3.7092248747432416E-002   8.7740296971626136E-002   8.7740296971626122E-002  -3.7092248747432409E-002  -3.7092248747432409E-002   8.7740296971626122E-002   8.7740296971626136E-002  -3.7092248747432416E-002   8.7740296971626136E-002  -3.7092248747432416E-002  -3.7092248747432395E-002   9.0175569100540115E-002
  -1.9343203980005927E-002   2.1939509318864021E-002   2.1939509318864032E-002  -3.7092248747432416E-002   2.1939509318864032E-002  -3.7092248747432416E-002  -3.7092248747432409E-002   2.1939509318864028E-002   2.1939509318864028E-002  -3.7092248747432409E-002  -3.7092248747432416E-002   2.1939509318864032E-002  -3.7092248747432416E-002   2.1939509318864032E-002   2.1939509318864021E-002  -1.9343203980005927E-002
   9.0175569100540101E-002  -3.7092248747432395E-002  -3.7092248747432416E-002   8.7740296971626136E-002  -3.7092248747432416E-002   8.7740296971626136E-002   8.7740296971626122E-002  -3.7092248747432409E-002  -3.7092248747432409E-002   8.7740296971626122E-002   8.7740296971626136E-002  -3.7092248747432416E-002   8.7740296971626136E-002  -3.7092248747432416E-002  -3.7092248747432395E-002   9.0175569100540101E-002
  -1.9343203980005927E-002   2.1939509318864021E-002   2.1939509318864032E-002  -3.7092248747432416E-002   2.1939509318864032E-002  -3.7092248747432416E-002  -3.7092248747432409E-002   2.1939509318864028E-002   2.1939509318864028E-002  -3.7092248747432409E-002  -3.7092248747432416E-002   2.1939509318864032E-002  -3.7092248747432416E-002   2.1939509318864032E-002   2.1939509318864021E-002  -1.9343203980005927E-002
  -1.9343203980005913E-002   2.1939509318864011E-002   2.1939509318864021E-002  -3.7092248747432395E-002   2.1939509318864021E-002  -3.7092248747432395E-002  -3.7092248747432388E-002   2.1939509318864018E-002   2.1939509318864018E-002  -3.7092248747432388E-002  -3.7092248747432395E-002   2.1939509318864021E-002  -3.7092248747432395E-002   2.1939509318864021E-002   2.1939509318864011E-002  -1.9343203980005913E-002
  0.14902107180966551       -1.9343203980005913E-002  -1.9343203980005927E-002   9.0175569100540101E-002  -1.9343203980005927E-002   9.0175569100540115E-002   9.0175569100540101E-002  -1.9343203980005920E-002  -1.9343203980005920E-002   9.0175569100540101E-002   9.0175569100540115E-002  -1.9343203980005927E-002   9.0175569100540101E-002  -1.9343203980005927E-002  -1.9343203980005913E-002  0.14902107180966551     
